1 10 5 2 100 100 100 100 100 1 0 0 0 0 0 0 0 0 0 1 0 0 0 0 0 0 0 0 0 1 0 0 0 0 0 0 0 0 0 1 0 0 0 0 0 0 0 0 0 1 0 0 0 0 0 0 0 0 0
0 00.0 00.0 0.0 0.0 0 500
2 45.0 68.0 90.0 10.0 20.0 30.0 20.0 10.0 760 850 940 1030 1120 1 28 0 1 0 0 0 0 0 0 0 0
3 45.0 70.0 90.0 40.0 20.0 20.0 20.0 30.0 668 758 848 938 1028 0 92 0 1 1 0 0 1 0 1 0 0
4 42.0 66.0 90.0 20.0 10.0 20.0 20.0 30.0 16 106 196 286 376 1 84 0 0 0 0 0 0 0 0 1 0
5 42.0 68.0 90.0 30.0 20.0 10.0 20.0 50.0 575 665 755 845 935 1 37 0 0 0 0 0 0 1 0 0 0
6 42.0 65.0 90.0 30.0 10.0 40.0 20.0 30.0 15 105 195 285 375 1 37 0 0 0 1 0 0 1 0 0 0
7 40.0 69.0 90.0 10.0 50.0 20.0 30.0 30.0 482 572 662 752 842 1 5 0 0 0 0 0 1 0 0 0 1
8 40.0 66.0 90.0 20.0 30.0 10.0 20.0 30.0 18 108 198 288 378 1 23 0 1 1 0 0 1 0 0 0 1
9 38.0 68.0 90.0 10.0 50.0 20.0 50.0 30.0 110 200 290 380 470 1 3 0 0 0 0 1 0 0 1 0 0
10 38.0 70.0 90.0 30.0 40.0 20.0 20.0 10.0 390 480 570 660 750 1 7 0 0 0 0 1 1 0 0 0 0
11 35.0 66.0 90.0 50.0 20.0 40.0 20.0 40.0 204 294 384 474 564 1 84 0 1 1 0 1 1 0 0 0 0